1574738020.276429
1574738020.313482
1574738020.358653
1574738020.382646
1574738020.421592
1574738020.455591
1574738020.476389
1574738020.520659
1574738020.542451
1574738020.574798
1574738020.605164
1574738020.643655
1574738020.675150
1574738020.706979
1574738020.744323
1574738020.773403
1574738020.804511
1574738020.842864
1574738020.871319
1574738020.902017
1574738020.943764
1574738020.981462
1574738021.010458
1574738021.045170
1574738021.075696
1574738021.104827
1574738021.145502
1574738021.173100
1574738021.206680
1574738021.244884
1574738021.270680
1574738021.306973
1574738021.340382
1574738021.376185
1574738021.410610
1574738021.443385
1574738021.473800
1574738021.507987
1574738021.555180
1574738021.574932
1574738021.608091
1574738021.637379
1574738021.675452
1574738021.707581
1574738021.745710
1574738021.781698
1574738021.807613
1574738021.842708
1574738021.876857
1574738021.913041
1574738021.946977
1574738021.977223
1574738022.007241
1574738022.037707
1574738022.076165
1574738022.109803
1574738022.145524
1574738022.173992
1574738022.214262
1574738022.243661
1574738022.278236
1574738022.307038
1574738022.338774
1574738022.375326
1574738022.409144
1574738022.444235
1574738022.473969
1574738022.507155
1574738022.543140
1574738022.579747
1574738022.612905
1574738022.642106
1574738022.675830
1574738022.711858
1574738022.740624
1574738022.782541
1574738022.809213
1574738022.841930
1574738022.875330
1574738022.909282
1574738022.939451
1574738022.978416
1574738023.010773
1574738023.050785
1574738023.083617
1574738023.107837
1574738023.139050
1574738023.172989
1574738023.207534
1574738023.245172
1574738023.272740
1574738023.314897
1574738023.343366
1574738023.376735
1574738023.413105
1574738023.441489
1574738023.475370
1574738023.510780
1574738023.543180
1574738023.571952
1574738023.610777
1574738023.646105
1574738023.684943
1574738023.714092
1574738023.743067
1574738023.775538
1574738023.809135
1574738023.844669
1574738023.876617
1574738023.922198
1574738023.946560
1574738023.976188
1574738024.011316
