1574738020.261970
1574738020.298279
1574738020.337705
1574738020.368983
1574738020.405246
1574738020.434629
1574738020.463109
1574738020.494177
1574738020.533659
1574738020.561623
1574738020.598842
1574738020.628447
1574738020.659133
1574738020.693627
1574738020.728023
1574738020.761663
1574738020.793192
1574738020.828619
1574738020.866222
1574738020.894689
1574738020.932382
1574738020.962034
1574738020.998323
1574738021.039045
1574738021.067710
1574738021.110111
1574738021.136709
1574738021.161139
1574738021.192540
1574738021.227900
1574738021.257170
1574738021.299480
1574738021.329421
1574738021.364387
1574738021.397614
1574738021.432834
1574738021.461495
1574738021.498477
1574738021.530746
1574738021.560734
1574738021.594593
1574738021.634264
1574738021.657677
1574738021.694094
1574738021.731014
1574738021.763534
1574738021.796092
1574738021.829658
1574738021.863146
1574738021.897926
1574738021.934120
1574738021.969383
1574738021.994749
1574738022.033332
1574738022.065124
1574738022.096406
1574738022.141221
1574738022.169172
1574738022.194437
1574738022.232341
1574738022.264959
1574738022.292877
1574738022.330620
1574738022.362703
1574738022.398577
1574738022.429331
1574738022.463617
1574738022.504953
1574738022.531460
1574738022.563803
1574738022.594302
1574738022.631058
1574738022.664084
1574738022.697467
1574738022.731058
1574738022.767910
1574738022.793981
1574738022.832583
1574738022.866257
1574738022.895860
1574738022.930066
1574738022.963908
1574738022.996478
1574738023.040152
1574738023.069362
1574738023.094314
1574738023.131895
1574738023.165242
1574738023.194003
1574738023.231007
1574738023.265290
1574738023.308035
1574738023.332729
1574738023.365480
1574738023.398833
1574738023.429508
1574738023.469697
1574738023.500037
1574738023.527478
1574738023.563588
1574738023.604369
1574738023.631957
1574738023.665440
1574738023.700277
1574738023.731041
1574738023.763625
1574738023.798232
1574738023.831354
1574738023.865781
1574738023.899218
1574738023.936720
1574738023.965903
1574738023.999569
1574738024.030111
