1574738012.587373
1574738012.610367
1574738012.631361
1574738012.666556
1574738012.696729
1574738012.728113
1574738012.774897
1574738012.797198
1574738012.832435
1574738012.864727
1574738012.900994
1574738012.933469
1574738012.965536
1574738013.000531
1574738013.038032
1574738013.071570
1574738013.099519
1574738013.137492
1574738013.162727
1574738013.202536
1574738013.229972
1574738013.266277
1574738013.302012
1574738013.327250
1574738013.361153
1574738013.396777
1574738013.437735
1574738013.472254
1574738013.499570
1574738013.528256
1574738013.567681
1574738013.605496
1574738013.635331
1574738013.663575
1574738013.701098
1574738013.728193
1574738013.771500
1574738013.800347
1574738013.830353
1574738013.867122
1574738013.897732
1574738013.935440
1574738013.962014
1574738014.003798
1574738014.040123
1574738014.073685
1574738014.102228
1574738014.133147
1574738014.166276
1574738014.201759
1574738014.238441
1574738014.266190
1574738014.298523
1574738014.333221
1574738014.369293
1574738014.399613
1574738014.431165
1574738014.467410
1574738014.501120
1574738014.534258
1574738014.570629
1574738014.599045
1574738014.631638
1574738014.667504
1574738014.703212
1574738014.730747
1574738014.764531
1574738014.800928
1574738014.841119
1574738014.870879
1574738014.904902
1574738014.934505
1574738014.962948
1574738015.002014
1574738015.037965
1574738015.078947
1574738015.103782
1574738015.131750
1574738015.168889
1574738015.201601
1574738015.235079
1574738015.265757
1574738015.303457
1574738015.340146
1574738015.375801
1574738015.407609
1574738015.440090
1574738015.469854
1574738015.497639
1574738015.537927
1574738015.566497
1574738015.598608
1574738015.638109
1574738015.669825
1574738015.702494
1574738015.737780
1574738015.768023
1574738015.800346
1574738015.838036
1574738015.873879
1574738015.897208
1574738015.940599
1574738015.969781
1574738016.002339
1574738016.033229
1574738016.071483
1574738016.102443
1574738016.137602
1574738016.170576
1574738016.201538
1574738016.233093
1574738016.273310
1574738016.301706
1574738016.335975
1574738016.370295
1574738016.398900
1574738016.437860
1574738016.478125
