1574738012.577848
1574738012.592205
1574738012.619089
1574738012.653723
1574738012.684798
1574738012.718046
1574738012.761230
1574738012.785505
1574738012.817713
1574738012.854514
1574738012.882893
1574738012.918112
1574738012.953623
1574738012.987074
1574738013.020873
1574738013.066057
1574738013.083376
1574738013.118878
1574738013.157154
1574738013.182605
1574738013.217470
1574738013.256459
1574738013.287651
1574738013.320602
1574738013.354126
1574738013.383825
1574738013.424634
1574738013.457265
1574738013.490248
1574738013.520997
1574738013.556336
1574738013.589727
1574738013.618774
1574738013.655857
1574738013.689003
1574738013.720476
1574738013.755897
1574738013.793099
1574738013.819815
1574738013.854380
1574738013.889637
1574738013.918577
1574738013.953890
1574738013.990032
1574738014.021758
1574738014.057105
1574738014.095961
1574738014.120468
1574738014.154982
1574738014.192105
1574738014.218922
1574738014.257147
1574738014.289039
1574738014.319549
1574738014.354943
1574738014.391308
1574738014.421754
1574738014.453752
1574738014.488584
1574738014.520451
1574738014.557014
1574738014.591464
1574738014.622635
1574738014.655344
1574738014.690813
1574738014.718003
1574738014.756622
1574738014.791850
1574738014.818206
1574738014.857206
1574738014.890449
1574738014.917501
1574738014.953048
1574738014.988648
1574738015.022176
1574738015.056474
1574738015.088505
1574738015.121073
1574738015.154257
1574738015.191004
1574738015.223474
1574738015.255960
1574738015.296283
1574738015.324050
1574738015.359339
1574738015.393295
1574738015.423330
1574738015.463185
1574738015.491599
1574738015.523290
1574738015.553653
1574738015.588649
1574738015.625240
1574738015.653119
1574738015.687830
1574738015.725697
1574738015.753728
1574738015.788925
1574738015.825380
1574738015.857677
1574738015.894760
1574738015.923955
1574738015.959286
1574738015.991252
1574738016.029147
1574738016.052606
1574738016.088770
1574738016.124248
1574738016.154649
1574738016.189913
1574738016.223518
1574738016.253463
1574738016.289253
1574738016.327693
1574738016.353939
1574738016.389655
1574738016.431848
1574738016.462595
